[gd_scene load_steps=12 format=3 uid="uid://idpwlbyd8got"]

[ext_resource type="PackedScene" uid="uid://bqij50utik00e" path="res://world/maps/Ntwo_debug_0/Ntwo_debug_0.blend" id="1_ebjas"]
[ext_resource type="PackedScene" uid="uid://ukwqm4lynwtt" path="res://quadcopter/Quadcopter.tscn" id="2_2l85k"]
[ext_resource type="Texture2D" uid="uid://5wjo6ddmv57p" path="res://Grid/Dark/texture_02.png" id="2_t8d4u"]
[ext_resource type="Material" uid="uid://bj7ljbp6tcuj" path="res://world/maps/Ntwo_debug_0/materials/purple_debug.tres" id="3_0tr1b"]
[ext_resource type="LightmapGIData" uid="uid://birc0hxh6wumq" path="res://world/maps/Ntwo_debug_0/ntwo_debug_0.lmbake" id="5_0tr1b"]
[ext_resource type="PackedScene" uid="uid://igw4dto0q5kg" path="res://objects/race_gate.tscn" id="6_bd2o2"]
[ext_resource type="PackedScene" uid="uid://c258a3c5rvtcm" path="res://objects/human_reference.blend" id="7_88el8"]

[sub_resource type="StandardMaterial3D" id="StandardMaterial3D_bd2o2"]
albedo_texture = ExtResource("2_t8d4u")
uv1_triplanar = true

[sub_resource type="ProceduralSkyMaterial" id="ProceduralSkyMaterial_2l85k"]
sky_horizon_color = Color(0.64625, 0.65575, 0.67075, 1)
ground_bottom_color = Color(0.938046, 0.9179, 0.895083, 1)
ground_horizon_color = Color(0.64625, 0.65575, 0.67075, 1)

[sub_resource type="Sky" id="Sky_bd2o2"]
sky_material = SubResource("ProceduralSkyMaterial_2l85k")
radiance_size = 2

[sub_resource type="Environment" id="Environment_vxghj"]
background_mode = 2
sky = SubResource("Sky_bd2o2")
tonemap_mode = 3
ssao_power = 2.61166
sdfgi_cascades = 8
sdfgi_min_cell_size = 0.1
fog_enabled = true
fog_density = 0.001
fog_sky_affect = 0.328

[node name="Ntwo_debug_0" type="Node3D"]

[node name="Ntwo_debug_0" parent="." instance=ExtResource("1_ebjas")]

[node name="ground" parent="Ntwo_debug_0" index="0"]
material_override = SubResource("StandardMaterial3D_bd2o2")

[node name="purple_wall" parent="Ntwo_debug_0" index="5"]
material_override = ExtResource("3_0tr1b")

[node name="purple_block" parent="Ntwo_debug_0" index="6"]
material_override = ExtResource("3_0tr1b")

[node name="purple_slope" parent="Ntwo_debug_0" index="7"]
material_override = ExtResource("3_0tr1b")

[node name="WorldEnvironment" type="WorldEnvironment" parent="."]
environment = SubResource("Environment_vxghj")

[node name="DirectionalLight3D" type="DirectionalLight3D" parent="."]
transform = Transform3D(-0.866025, -0.433013, 0.25, 0, 0.5, 0.866025, -0.5, 0.75, -0.433013, -1, -3.4641, 1.73205)
light_bake_mode = 1
shadow_enabled = true

[node name="Quadcopter" parent="." instance=ExtResource("2_2l85k")]
transform = Transform3D(-4.371139e-08, 0, -1, 0, 1, 0, 1, 0, -4.371139e-08, -48.63902, 0.061630815, 0)

[node name="LightmapGI" type="LightmapGI" parent="."]
light_data = ExtResource("5_0tr1b")

[node name="RaceGates" type="Node3D" parent="."]

[node name="RaceGate7" parent="RaceGates" instance=ExtResource("6_bd2o2")]
transform = Transform3D(4.37114e-08, -1, -1.31134e-07, 1, 4.37114e-08, -4.37114e-08, 4.37114e-08, -1.31134e-07, 1, -102, 4, 53)

[node name="RaceGate9" parent="RaceGates" instance=ExtResource("6_bd2o2")]
transform = Transform3D(4.37114e-08, -8.74228e-08, 1, 1, -4.37114e-08, -4.37114e-08, 4.37114e-08, 1, 8.74228e-08, -120.6, 8.6, 55)

[node name="RaceGate13" parent="RaceGates" instance=ExtResource("6_bd2o2")]
transform = Transform3D(4.37114e-08, -8.74228e-08, 1, 1, -4.37114e-08, -4.37114e-08, 4.37114e-08, 1, 8.74228e-08, -112.7, 15.6, 72.6)

[node name="RaceGate14" parent="RaceGates" instance=ExtResource("6_bd2o2")]
transform = Transform3D(4.37114e-08, -8.74228e-08, 1, 1, -4.37114e-08, -4.37114e-08, 4.37114e-08, 1, 8.74228e-08, -104.9, 15.6, 70.5)

[node name="RaceGate26" parent="RaceGates" instance=ExtResource("6_bd2o2")]
transform = Transform3D(-4.2222e-08, -0.965926, -0.258819, 1, -4.37114e-08, 0, -1.13133e-08, -0.258819, 0.965926, -68.2127, 1.69557, 77.5885)

[node name="RaceGate27" parent="RaceGates" instance=ExtResource("6_bd2o2")]
transform = Transform3D(-4.2222e-08, -0.965926, -0.258819, 1, -4.37114e-08, 0, -1.13133e-08, -0.258819, 0.965926, -58.1533, 1.69557, 80.284)

[node name="RaceGate15" parent="RaceGates" instance=ExtResource("6_bd2o2")]
transform = Transform3D(-1.55994e-09, 0.689038, -0.724725, 1, -4.37114e-08, -4.37114e-08, -6.17976e-08, -0.724725, -0.689038, -87.2, 15.6, 77.3)

[node name="RaceGate10" parent="RaceGates" instance=ExtResource("6_bd2o2")]
transform = Transform3D(4.37114e-08, -8.74228e-08, 1, 1, -4.37114e-08, -4.37114e-08, 4.37114e-08, 1, 8.74228e-08, -120.6, 8.6, 51)

[node name="RaceGate11" parent="RaceGates" instance=ExtResource("6_bd2o2")]
transform = Transform3D(4.37114e-08, -8.74228e-08, 1, 1, -4.37114e-08, -4.37114e-08, 4.37114e-08, 1, 8.74228e-08, -120.6, 8.6, 47)

[node name="RaceGate12" parent="RaceGates" instance=ExtResource("6_bd2o2")]
transform = Transform3D(4.37114e-08, -8.74228e-08, 1, 1, -4.37114e-08, -4.37114e-08, 4.37114e-08, 1, 8.74228e-08, -120.6, 8.6, 43)

[node name="RaceGate8" parent="RaceGates" instance=ExtResource("6_bd2o2")]
transform = Transform3D(4.37114e-08, -1, -1.31134e-07, 1, 4.37114e-08, -4.37114e-08, 4.37114e-08, -1.31134e-07, 1, -102, 4, 45)

[node name="RaceGate16" parent="RaceGates" instance=ExtResource("6_bd2o2")]
transform = Transform3D(4.37114e-08, -1, -1.31134e-07, 1, 4.37114e-08, -4.37114e-08, 4.37114e-08, -1.31134e-07, 1, -118, 9, 53)

[node name="RaceGate17" parent="RaceGates" instance=ExtResource("6_bd2o2")]
transform = Transform3D(4.37114e-08, -1, -1.31134e-07, 1, 4.37114e-08, -4.37114e-08, 4.37114e-08, -1.31134e-07, 1, -118, 9, 45)

[node name="RaceGate18" parent="RaceGates" instance=ExtResource("6_bd2o2")]
transform = Transform3D(-4.37114e-08, 1, 0, 4.37114e-08, 0, 1, 1, 4.37114e-08, -4.37114e-08, 14, 1, 4.37114e-07)

[node name="RaceGate19" parent="RaceGates" instance=ExtResource("6_bd2o2")]
transform = Transform3D(-1, -8.74228e-08, 0, 0, 4.37114e-08, 1, -8.74228e-08, 1, -4.37114e-08, 32, 1, 26)

[node name="RaceGate20" parent="RaceGates" instance=ExtResource("6_bd2o2")]
transform = Transform3D(-0.866025, 0.5, 0, 2.18557e-08, 3.78552e-08, 1, 0.5, 0.866025, -4.37114e-08, 25.6699, 1, 7.0359)

[node name="RaceGate21" parent="RaceGates" instance=ExtResource("6_bd2o2")]
transform = Transform3D(-0.707107, -0.707107, 0, -3.09086e-08, 3.09086e-08, 1, -0.707107, 0.707107, -4.37114e-08, 23.8787, 1, 48.0503)

[node name="RaceGate22" parent="RaceGates" instance=ExtResource("6_bd2o2")]
transform = Transform3D(0.707107, -0.707107, 0, -3.09086e-08, -3.09086e-08, 1, -0.707107, -0.707107, -4.37114e-08, 6.04345, 1, 51.9758)

[node name="RaceGate6" parent="RaceGates" instance=ExtResource("6_bd2o2")]
transform = Transform3D(-2.12132, 2.12132, 9.27258e-08, 6.35275e-22, -1.31134e-07, 3, 2.12132, 2.12132, 9.27259e-08, -33, 4, -38)

[node name="RaceGate43" parent="RaceGates" instance=ExtResource("6_bd2o2")]
transform = Transform3D(-2.243778, -1.9913456, -8.704455e-08, 8.4703295e-22, -1.3113403e-07, 3, -1.9913456, 2.243778, 9.807861e-08, -76.596405, 3.9999998, 1.0321119)

[node name="RaceGate31" parent="RaceGates" instance=ExtResource("6_bd2o2")]
transform = Transform3D(1.6879364, -2.4800942, 1.3113416e-07, -7.378194e-08, 1.08408486e-07, 3, -2.4800942, -1.6879364, 5.066958e-14, -51.37474, 6.1229343, -36.66858)

[node name="RaceGate34" parent="RaceGates" instance=ExtResource("6_bd2o2")]
transform = Transform3D(2.3886862, -1.8149859, 9.425352e-08, -1.9888324e-08, 1.2961726e-07, 3, -1.8149859, -2.3886862, 9.117258e-08, -83.15636, 9.29313, -26.149668)

[node name="RaceGate44" parent="RaceGates" instance=ExtResource("6_bd2o2")]
transform = Transform3D(2.3886862, -1.8149859, 9.425352e-08, -1.9888324e-08, 1.2961726e-07, 3, -1.8149859, -2.3886862, 9.117258e-08, -107.624306, 17.788204, -59.035595)

[node name="RaceGate23" parent="RaceGates" instance=ExtResource("6_bd2o2")]
transform = Transform3D(1.31134e-07, 3, 1.31134e-07, 8.47033e-22, -1.31134e-07, 3, 3, -1.31134e-07, 6.88749e-14, -90, 4, 57)

[node name="RaceGate24" parent="RaceGates" instance=ExtResource("6_bd2o2")]
transform = Transform3D(1.31134e-07, 3, 1.31134e-07, 8.47033e-22, -1.31134e-07, 3, 3, -1.31134e-07, 6.88749e-14, -90, 25, 57)

[node name="RaceGate25" parent="RaceGates" instance=ExtResource("6_bd2o2")]
transform = Transform3D(-4.37114e-08, 1, 4.37114e-08, 0, -4.37114e-08, 1, 1, 4.37114e-08, 1.91069e-15, -54, 11, 0)

[node name="RaceGate33" parent="RaceGates" instance=ExtResource("6_bd2o2")]
transform = Transform3D(-0.21867271, 0.97579825, 4.37114e-08, 9.558488e-09, -4.2653507e-08, 1, 0.97579825, 0.21867271, 1.8644478e-15, -67.63146, 20.258879, -54.138374)

[node name="RaceGate36" parent="RaceGates" instance=ExtResource("6_bd2o2")]
transform = Transform3D(0.10812168, 0.9941377, 4.37114e-08, -4.726152e-09, -4.345515e-08, 1, 0.9941377, -0.10812168, 1.7645779e-15, -81.605156, 20.258879, -54.029137)

[node name="RaceGate37" parent="RaceGates" instance=ExtResource("6_bd2o2")]
transform = Transform3D(0.87287325, 0.48794702, 4.3711395e-08, -3.8154514e-08, -2.1328844e-08, 1, 0.48794702, -0.87287325, 1.0225076e-15, -108.15804, 20.258879, -39.015045)

[node name="RaceGate35" parent="RaceGates" instance=ExtResource("6_bd2o2")]
transform = Transform3D(0.96765494, 0.25227743, 4.37114e-08, -4.2297557e-08, -1.1027391e-08, 1, 0.25227743, -0.96765494, 1.1877978e-15, -111.37225, 20.258879, -25.318346)

[node name="RaceGate38" parent="RaceGates" instance=ExtResource("6_bd2o2")]
transform = Transform3D(-0.21867271, 0.97579825, 4.37114e-08, 9.558488e-09, -4.2653507e-08, 1, 0.97579825, 0.21867271, 1.8644478e-15, -74.030235, 16.090368, -62.673847)

[node name="RaceGate39" parent="RaceGates" instance=ExtResource("6_bd2o2")]
transform = Transform3D(0.10812168, 0.9941377, 4.37114e-08, -4.726152e-09, -4.345515e-08, 1, 0.9941377, -0.10812168, 1.7645779e-15, -88.00393, 16.090368, -62.56461)

[node name="RaceGate40" parent="RaceGates" instance=ExtResource("6_bd2o2")]
transform = Transform3D(0.87287325, 0.48794702, 4.3711395e-08, -3.8154514e-08, -2.1328844e-08, 1, 0.48794702, -0.87287325, 1.0225076e-15, -114.556816, 16.090368, -47.550518)

[node name="RaceGate42" parent="RaceGates" instance=ExtResource("6_bd2o2")]
transform = Transform3D(0.96765494, 0.25227743, 4.37114e-08, -4.2297557e-08, -1.1027391e-08, 1, 0.25227743, -0.96765494, 1.1877978e-15, -117.77103, 16.090368, -33.853817)

[node name="RaceGate28" parent="RaceGates" instance=ExtResource("6_bd2o2")]
transform = Transform3D(1, 0, 0, 0, -4.371139e-08, 1, 0, -1, -4.371139e-08, -111.527176, 9.952983, -24.366274)

[node name="RaceGate29" parent="RaceGates" instance=ExtResource("6_bd2o2")]
transform = Transform3D(0.8660254, 0.5, 2.1855694e-08, 0, -4.371139e-08, 1, 0.5, -0.8660254, -3.7855173e-08, -109.386314, 9.952983, -43.66535)

[node name="RaceGate30" parent="RaceGates" instance=ExtResource("6_bd2o2")]
transform = Transform3D(0.47255072, 0.8813035, 3.8522998e-08, 0, -4.371139e-08, 1, 0.8813035, -0.47255072, -2.0655849e-08, -86.688995, 3.9791071, -47.156025)

[node name="RaceGate5" parent="RaceGates" instance=ExtResource("6_bd2o2")]
transform = Transform3D(2, 0, 0, 0, -2, -1.74846e-07, 0, 1.74846e-07, -2, 0, 21, 1.036067)

[node name="RaceGate32" parent="RaceGates" instance=ExtResource("6_bd2o2")]
transform = Transform3D(2, 0, 0, 0, -2, -1.74846e-07, 0, 1.74846e-07, -2, -96.75527, 28.22626, -43.63207)

[node name="RaceGate2" parent="RaceGates" instance=ExtResource("6_bd2o2")]
transform = Transform3D(1, 0, 0, 0, -4.37114e-08, 1, 0, -1, -4.37114e-08, 0, 11, 8)

[node name="RaceGate3" parent="RaceGates" instance=ExtResource("6_bd2o2")]
transform = Transform3D(1, 0, 0, 0, -4.37114e-08, 1, 0, -1, -4.37114e-08, 0, 11, -6)

[node name="RaceGate4" parent="RaceGates" instance=ExtResource("6_bd2o2")]
transform = Transform3D(1, 0, 0, 0, -1, -8.74228e-08, 0, 8.74228e-08, -1, 0, 11, -42)

[node name="human_reference" parent="." instance=ExtResource("7_88el8")]
transform = Transform3D(0.8644915, 0, 0.5026474, 0, 1, 0, -0.5026474, 0, 0.8644915, -10.709985, 0.011582851, -12.955094)

[editable path="Ntwo_debug_0"]
[editable path="human_reference"]
